Ge_Number: 0, 1, 2, 14
BGO_Number: 4, 5, 6
Def_Equ: 0, 0.50000000, 0.00000000
Equ_1: 0, 0.500601, -2.1712
Equ_2: 0, 0.50029, -0.31525
Equ_3: 0, 0.499992, -1.728
Equ_4: 0, 0.500658, -2.19519