Ge_Number: 0, 1, 2, 14
BGO_Number: 4, 5, 6
Def_Equ: 0, 0.50000000, 0.00000000
Equ_1: 0, 0.500777, -0.11516
Equ_2: 0, 0.500829, -0.54921
Equ_3: 0, 0.509884, -0.45298
Equ_4: 0, 0.496754, -0.64041